#period	period time	calc time
1	2988	1501
2	4000	1498
3	3997	1496
4	3989	1498
5	4752	1513
6	3748	1505
7	3999	2250
8	4248	1499
9	4246	1502
10	4246	1502
11	4000	1498
12	3996	1499
13	4247	1250
14	4247	1499
15	3996	2002
16	3998	1500
17	4248	1498
18	4495	1252
19	3746	1500
20	4248	1500
21	4743	1501
22	3752	1247
23	4245	1496
24	3997	1498
25	4249	1499
26	4247	1750
27	3998	1499
28	4002	1497
29	4242	1498
30	4244	1502
31	4000	1499
32	4745	1500
33	3748	1500
34	4247	1250
35	3997	1500
36	4249	1498
37	3995	2003
38	4248	1500
39	4248	1498
40	4743	1252
41	3500	1495
42	3998	1249
43	4246	1503
44	3999	1499
45	4246	1750
46	4245	1502
47	3999	1502
48	4250	1248
49	3996	1497
50	4246	1501
51	4747	1500
52	3747	1500
53	3998	1500
54	4246	1502
55	4000	1498
56	4246	2003
57	4246	1502
58	4249	1499
59	4248	1498
60	3746	1503
61	4248	1500
62	4246	1495
63	3995	1500
64	4250	1498
65	4744	1500
66	3750	1501
67	4247	1495
68	3997	1500
69	4247	1500
70	4247	1751
71	3995	1502
72	4249	1500
73	4248	1499
74	3997	1499
75	4246	1500
76	4497	1749
77	3997	1500
78	4248	1499
79	3995	1500
80	4247	1501
81	4248	2000
82	3997	1500
83	4248	1500
84	3996	1500
85	4247	1502
86	3998	1500
87	4496	1500
88	3997	1499
89	3997	1502
90	4251	1496
91	3995	1498
92	4245	1500
93	4497	1500
94	3999	1499
95	4247	1500
96	3996	1500
97	4250	1500
98	3995	2003
99	4246	1501
100	4249	1500
101	4744	1501
102	3748	1501
103	3997	1500
104	4246	1503
105	4250	1496
106	4246	2248
107	3996	1501
108	4247	1496
109	4494	1499
110	3755	1497
111	4245	1500
112	4248	1495
113	3996	1499
114	3997	1750
115	4248	1498
116	3998	1498
117	4994	1500
118	3498	1499
119	3998	1499
120	4247	1500
121	4246	1501
122	3998	2000
123	4245	1502
124	4248	1500
125	4246	1502
126	3994	1503
127	4002	1496
128	4745	1501
129	3744	1501
130	4002	1497
131	4495	1502
132	3748	1501
133	4248	1499
134	4251	1498
135	3995	1249
136	4245	1500
137	4746	1251
138	3750	1499
139	4249	1248
140	3994	1501
141	4247	1500
142	3998	1750
143	4248	1499
144	4247	1500
145	4995	1501
146	3999	1503
147	3745	1502
148	4249	1501
149	3998	1501
150	3998	1746
151	4241	1256
152	4003	1750
153	4994	1502
154	3752	1497
155	3995	1500
156	4247	1250
157	3997	1250
158	4248	1999
159	3997	1500
160	4497	1500
161	4247	1751
162	3998	1500
163	4247	1500
164	3997	1500
165	4248	1501
166	4247	2000
167	3997	1499
168	4246	1502
169	4250	1496
170	3991	1504
171	4251	1501
172	4747	1500
173	3749	1245
174	4246	1500
175	3996	1502
176	4248	1500
177	4249	1997
178	3995	1502
179	4247	1500
180	4746	1502
181	3498	1500
182	4248	1500
183	4246	1500
184	3998	1501
185	4247	2001
186	3998	1500
187	4247	1499
188	4245	1502
189	4249	1500
190	3997	1500
191	4496	1501
192	4000	1499
193	4241	1501
194	4251	1501
195	3999	1500
196	4248	1749
197	3996	1250
198	4247	1501
199	3999	1498
200	4245	1501
201	4248	1499
202	4496	1500
203	3748	1502
204	3998	1499
205	4246	1500
206	3998	1500
207	4247	2001
208	4246	1500
209	4247	1500
210	4000	1498
211	3996	1499
212	4247	1499
213	4745	1250
214	3748	1497
215	4249	1498
216	3994	1248
217	4247	1501
218	3999	1749
219	4246	1501
220	4251	1497
221	4494	1750
222	3747	1502
223	3997	1500
224	4247	1501
225	4248	1500
226	3997	1502
227	4246	1501
228	4247	1501
229	4996	1501
230	3251	1499
231	3995	1499
232	4254	1501
233	3988	1502
234	4253	1748
235	4244	1496
236	3997	1496
237	4249	1498
238	4245	1496
239	3998	1495
240	4495	1501
241	3999	1501
242	4247	1250
243	3996	1251
244	4248	1501
245	3998	2251
246	4247	1501
247	4247	1500
248	3997	1501
249	4248	1251
250	3998	1250
251	4495	1505
252	3747	1502
253	4500	1498
254	4244	1750
255	3996	1502
256	4249	1500
257	3997	1500
258	4247	1496
259	4248	2245
260	3997	1502
261	4247	1499
262	4746	1500
263	3751	1497
264	4244	1501
265	4246	1501
266	3748	1501
267	4248	2249
268	4249	1499
269	3995	1502
270	4496	1505
271	3999	1501
272	4249	1499
273	4495	1501
274	3748	1500
275	3993	1501
276	4251	1501
277	4248	1501
278	3992	2256
279	4252	1502
280	4248	1497
281	3995	1751
282	4248	1501
283	4248	1501
284	3996	1501
285	3999	1500
286	4247	2000
287	3997	1499
288	4247	1500
289	4249	1497
290	4245	1500
291	3999	1498
292	4494	1752
293	3997	1502
294	4248	1500
295	4246	1501
296	3997	1501
297	4248	2001
298	3995	1502
299	4250	1501
300	4001	1750
301	4238	1505
302	4252	1502
303	4246	1500
304	3998	1500
305	4246	1501
306	3999	1499
307	4246	1500
308	4248	1999
309	3996	1500
310	4249	1498
311	3997	1499
312	4246	1501
313	3998	1499
314	4748	3498
315	3996	1500
316	4247	1501
317	3996	1504
318	4250	1499
319	3996	1747
320	4246	1498
321	4250	1502
322	4244	1498
323	4000	1498
324	3997	1497
325	4746	1501
326	3499	1500
327	4245	1502
328	4248	1501
329	4250	1500
330	3995	1750
331	4246	1500
332	3998	1750
333	4499	1498
334	3996	1501
335	3997	1501
336	4247	1500
337	3997	1499
338	4248	1500
339	4745	1251
340	3747	1501
341	3998	1497
342	4247	1247
343	4245	1500
344	4000	2499
345	4247	1501
346	4248	1500
347	4246	1750
348	3999	1252
349	4246	1500
350	3995	1501
351	4249	1500
352	4249	1997
353	3994	1500
354	4248	1250
355	3997	2001
356	4247	1500
357	3998	1499
358	4496	1501
359	3998	1501
360	3998	1502
361	4247	1503
362	3994	1499
363	4253	1499
364	4241	1498
365	4251	1500
366	4503	1494
367	3738	1252
368	4250	1500
369	3997	1501
370	4498	1501
371	3998	1500
372	3996	1251
373	4248	1751
374	4246	1501
375	3998	1501
376	4247	1500
377	4497	1749
378	3999	1428
379	4248	1499
380	3996	1500
381	4247	1500
382	4248	2249
383	3997	1501
384	3994	1498
385	5249	1251
386	3250	1998
387	3997	1494
388	4245	1500
389	4247	1500
390	4250	1748
391	3994	1501
392	3999	1500
393	4249	1498
394	3994	1501
395	4247	1499
396	4496	1751
397	3998	1501
398	4246	1501
399	4247	1501
400	3998	1501
401	4247	1751
402	4247	1500
403	3998	1501
404	4249	1498
405	3996	1499
406	4247	1497
407	4745	1501
408	3744	1254
409	4253	1498
410	4244	1501
411	3999	1498
412	4247	2001
413	3995	1502
414	4249	1500
415	4246	1753
416	3998	1503
417	4247	1500
418	3996	1501
419	4248	1500
420	4247	2002
421	3997	1502
422	4248	1502
423	3999	1995
424	4243	1502
425	3998	1499
426	4743	1504
427	3752	1499
428	3998	1498
429	4242	1501
430	4002	1500
431	4247	2001
432	4248	1499
433	3996	1501
434	4747	1500
435	3748	1251
436	4247	1500
437	3997	1500
438	4498	1500
439	3997	1751
440	3996	1251
441	4249	1499
442	3999	1498
443	4245	1500
444	3998	1499
445	4746	1500
446	3749	1500
447	4248	1250
448	3994	1253
449	4249	1497
450	3998	2001
451	4246	1502
452	4247	1496
453	4246	1501
454	3998	1252
455	3998	1250
456	4495	1504
457	3750	1502
458	4497	1500
459	4496	1500
460	3749	1499
461	4247	1500
462	3998	1499
463	4246	1501
464	4247	1500
465	3997	1500
466	4249	1499
467	3993	1754
468	4250	1501
469	3997	1501
470	4743	1754
471	3754	1498
472	3994	1500
473	4246	1254
474	4249	1500
475	3997	1746
476	4246	1504
477	4249	1502
478	3999	1500
479	4244	1502
480	3998	1499
